
INTERPOL FREQUENCIES

          2593       6900       10390         18190
          2840       6905       11538         18380
          3593       7401       13500         18505.5
          3705       7532       13520         19130
          3714       7832       13747         19360
          4444       7906       13820         19405
          4632.5     8038       14607.5       19560.5
          4837.5     8045       14707         21785
          4855.5     8080       14808.5       21807.5
          5104       9105       14817.5       24072
          5208       9200       14827         24110
          5300       9250       15502.5       24210.5
          5305.5     9285       15555.5       27360.5
          5895       9821       15592         27505.5
          6700       10200      15864         27845
          6792       10295      15738

Marius Rensen
