
***************************************************************

               AWARD BIOS DRIVE TYPE TABLE

***************************************************************

TYPE   CYLINDER   HEADS     WRITE    LANDING        SPECIFIC
                          PRE-COMP    ZONE            DISK
***************************************************************

  1       306       4         128       305
  2       615       4         300       615       Seagate 4026
  3       615       6         300       615
  4       940       8         512       940
  5       940       6         512       940
  6       615       4           0       615
  7       462       8         256       511
  8       733       5           0       733
  9       900      15           0       901
 10       820       3           0       820
 11       855       5           0       855
 12       855       7           0       855
 13       306       8         128       319
 14       733       7           0       733
 15               reserved
 16       612       4           0       663
 17       997       5         300       997
 18       997       7           0       997
 19      1024       7         512      1023
 20       733       5         300       732
 21       733       7         300       732
 22       733       5         300       733
 23       306       4           0       336
 24               reserved
 25      1024       9           0      1023       Seagate 4096
 26      1224       7           0      1223        Maxtor 2085
 27      1224      11           0      1223        Maxtor 2140
 28      1224      15           0      1223        Maxtor 2190
 29      1024       8           0      1023        Maxtor 1085
 30      1024      11           0      1023        Maxtor 1105
 31       918      11           0      1023        Maxtor 1170
 32       925       9           0       926           CDC 9415
 33      1024      10           0      1023
 34      1024      12           0      1023
 35      1024      13           0      1023
 36      1024      14           0      1023
 37      1024       2           0      1023
 38      1024      16           0      1023
 39       918      15           0      1023        Maxtor 1140
 40       820       6           0       820       Seagate 251
